-5.000000000000000000e+00 -1.398715134280451133e+00 1.391269053216664497e+00
-4.655172413793103203e+00 -2.630930651481880655e+00 4.103126081999246111e+00
-4.310344827586206407e+00 -2.173273878461878805e+00 1.735064259871167192e+00
-3.965517241379310498e+00 -1.313750073883469982e+00 1.641638800168594203e+00
-3.620689655172413701e+00 -2.396158544604207297e+00 1.781427670214630998e+00
-3.275862068965516904e+00 -8.628378906689060379e-02 -5.457086873260501569e-01
-2.931034482758620552e+00 -9.474902811443052242e-01 2.538186127193529096e+00
-2.586206896551724199e+00 4.816612013467911346e-01 1.254247284823658326e+00
-2.241379310344827402e+00 2.208333761110703453e-01 9.566667711691546616e-01
-1.896551724137930606e+00 7.028170889498170926e-01 5.537718565027351936e-01
-1.551724137931034253e+00 -7.422898285561767562e-01 4.625047020380337881e-01
-1.206896551724137900e+00 -1.381645948398712020e-01 1.236167249847800464e-01
-8.620689655172411037e-01 -2.204357696514109843e+00 1.650668317560015197e+00
-5.172413793103443069e-01 9.755253930960969821e-01 5.994521626208415555e-01
-1.724137931034483984e-01 8.338340180334437024e-01 -5.248322337961220940e-01
1.724137931034483984e-01 2.029548405925610588e+00 6.047486840750649906e-01
5.172413793103451951e-01 5.382102571329732132e-01 -9.152551572641061117e-01
8.620689655172419918e-01 -8.204090285402414473e-01 8.233533246301312225e-01
1.206896551724138789e+00 8.446388094726298146e-02 -5.701899860005359422e-01
1.551724137931034697e+00 -1.148012773229096561e+00 1.201678875190462792e-01
1.896551724137931494e+00 3.190512511634437942e-01 -2.858634213041737482e-01
2.241379310344828291e+00 -1.072511237368225068e+00 4.984095435657067696e-01
2.586206896551724199e+00 -3.222850006250521648e-01 -1.879613383448420105e+00
2.931034482758620996e+00 2.591653400570948396e+00 -2.720572989449012269e+00
3.275862068965517793e+00 1.531217554171614204e+00 -1.979137796541310834e+00
3.620689655172414589e+00 2.434570887795241667e+00 -1.924766504710333948e+00
3.965517241379311386e+00 1.545792123545812302e+00 -2.723495771237618435e+00
4.310344827586208183e+00 1.870968339664710545e+00 -2.401681871365577869e+00
4.655172413793103203e+00 1.833097297253704294e+00 -1.396909244295695185e+00
5.000000000000000000e+00 2.346027448260657344e+00 -1.943442939169889971e+00
