-5.000000000000000000e+00 -5.085967251599632810e+00
-4.655172413793103203e+00 -4.683226057474104032e+00
-4.310344827586206407e+00 -4.579461171537999142e+00
-3.965517241379310498e+00 -5.839765658477482191e+00
-3.620689655172413701e+00 -4.007484441250412033e+00
-3.275862068965516904e+00 -3.427447909343233956e+00
-2.931034482758620552e+00 -4.440414668081837490e+00
-2.586206896551724199e+00 -3.805125260202104620e+00
-2.241379310344827402e+00 -2.140828073010211607e+00
-1.896551724137930606e+00 -1.585554029426808675e+00
-1.551724137931034253e+00 3.537150160152509049e-01
-1.206896551724137900e+00 -8.529661631550427003e-01
-8.620689655172411037e-01 -6.506898253212791694e-01
-5.172413793103443069e-01 -5.377870038989490675e-01
-1.724137931034483984e-01 4.562637407115116561e-01
1.724137931034483984e-01 -3.839140399981205709e-01
5.172413793103451951e-01 1.475740170397104478e+00
8.620689655172419918e-01 1.013185372151763630e+00
1.206896551724138789e+00 -3.341473884794803340e-01
1.551724137931034697e+00 1.789302400456123099e+00
1.896551724137931494e+00 2.488929552592571426e+00
2.241379310344828291e+00 3.639554766505525230e+00
2.586206896551724199e+00 4.234306404248126654e+00
2.931034482758620996e+00 2.141816075476108860e+00
3.275862068965517793e+00 3.934693921933751337e+00
3.620689655172414589e+00 2.471263912367462012e+00
3.965517241379311386e+00 5.424719643614085207e+00
4.310344827586208183e+00 4.070893045501118301e+00
4.655172413793103203e+00 5.339090360387070078e+00
5.000000000000000000e+00 5.240649361343693080e+00
-5.000000000000000000e+00 4.720055485267647732e+00
-4.655172413793103203e+00 4.722482585660993770e+00
-4.310344827586206407e+00 3.596168571522311286e+00
-3.965517241379310498e+00 3.811380477740192507e+00
-3.620689655172413701e+00 3.388537006900519621e+00
-3.275862068965516904e+00 8.638521779276038259e-01
-2.931034482758620552e+00 2.782641883468494726e+00
-2.586206896551724199e+00 2.095855079584969971e+00
-2.241379310344827402e+00 6.444662459548817779e-01
-1.896551724137930606e+00 9.886128832935131561e-01
-1.551724137931034253e+00 4.265326698875842037e-01
-1.206896551724137900e+00 3.903271110306449021e+00
-8.620689655172411037e-01 1.113617646214090984e+00
-5.172413793103443069e-01 1.797930540525751519e+00
-1.724137931034483984e-01 8.289336231272780298e-01
1.724137931034483984e-01 1.228742248735662290e+00
5.172413793103451951e-01 -1.447872336933880622e+00
8.620689655172419918e-01 4.684487763713718333e-02
1.206896551724138789e+00 -1.480175397951311034e+00
1.551724137931034697e+00 -1.160227646860499728e+00
1.896551724137931494e+00 -1.807728011830477932e+00
2.241379310344828291e+00 -3.255114685750467363e+00
2.586206896551724199e+00 -2.137417759425984887e+00
2.931034482758620996e+00 -2.521901520016261333e+00
3.275862068965517793e+00 -2.718345283452975103e+00
3.620689655172414589e+00 -2.610507378741057316e+00
3.965517241379311386e+00 -3.621260771599441597e+00
4.310344827586208183e+00 -3.345154906731365951e+00
4.655172413793103203e+00 -4.533804765102150469e+00
5.000000000000000000e+00 -4.646149690837921398e+00
